
------- Partitioning V starts -------

Example: For 3 prio-levels, V_partitioned_list contains [[Top Prio], [Mid Prio], [Low Prio]]
Total interest of each talk: [5.000e+00 5.000e+00 2.600e+02 3.000e+01 1.900e+01 7.000e+00 2.700e+01
 1.300e+01 5.100e+01 3.100e+01 1.400e+01 7.000e+00 1.900e+01 2.900e+01
 2.740e+02 7.900e+01 1.100e+01 1.640e+02 1.650e+02 4.000e+00 2.950e+02
 8.000e+00 1.100e+02 2.490e+02 4.430e+02 9.800e+01 5.500e+01 1.510e+02
 9.900e+01 9.000e+00 1.300e+01 1.550e+02 4.000e+01 2.900e+01 3.000e+00
 8.200e+01 4.000e+01 9.000e+00 4.200e+01 1.710e+02 6.900e+01 3.700e+01
 3.000e+00 5.000e+00 5.600e+01 2.500e+01 3.940e+02 2.150e+02 5.600e+01
 1.000e+01 1.900e+01 7.800e+01 3.300e+01 1.250e+02 1.540e+02 3.320e+02
 3.700e+01 5.700e+01 7.000e+00 1.000e+01 8.000e+00 1.600e+01 5.400e+01
 4.700e+01 2.500e+01 9.000e+00 1.400e+01 5.100e+01 7.300e+01 1.100e+01
 6.000e+00 4.000e+00 1.330e+02 1.600e+01 2.000e+01 7.000e+00 1.400e+01
 1.690e+02 7.000e+00 6.000e+00 3.000e+00 1.100e+01 3.900e+01 3.200e+01
 6.100e+01 1.500e+01 5.300e+01 5.800e+01 1.770e+02 2.500e+01 1.740e+02
 6.600e+01 1.420e+02 3.500e+01 3.800e+01 8.000e+00 3.770e+02 3.000e+00
 1.900e+01 9.000e+00 5.000e+01 5.500e+01 1.000e+02 6.600e+01 2.500e+01
 1.520e+02 1.000e+00 3.300e+01 5.200e+01 1.000e+00 2.150e+02 9.000e+00
 1.500e+01 1.410e+02 1.900e+01 5.000e+00 2.722e+03 4.000e+01 4.520e+02
 5.300e+01 8.500e+01 9.800e+01 9.550e+02 2.500e+01 2.100e+01 1.600e+01
 1.200e+01 1.210e+02 1.016e+03 4.800e+01 1.282e+03 4.000e+00 2.600e+01
 6.100e+01 1.010e+02 2.180e+02 9.180e+02 4.100e+01 2.800e+01 5.080e+02
 1.450e+02 2.700e+01 4.000e+00 2.300e+01 3.100e+01 1.090e+02 2.100e+01
 3.000e+00 2.400e+01 8.000e+00 5.100e+01 7.500e+01 1.840e+02 9.000e+00
 4.300e+01 4.100e+01 1.400e+01 4.200e+01 1.000e+01 6.300e+01 1.580e+02
 5.200e+01 1.100e+01 4.060e+02 1.000e+01 3.800e+01 1.200e+02 1.300e+02
 2.500e+01 5.900e+01 4.600e+01 1.900e+01 5.000e+00 1.800e+01 2.900e+01
 4.300e+01 2.200e+01 1.740e+02 1.130e+02 1.800e+01 1.000e+01 5.000e+00
 1.480e+02 2.500e+01 4.100e+01 1.000e+02 1.230e+02 5.200e+01 3.300e+01
 1.500e+01 3.900e+01 5.480e+02 3.600e+01 1.500e+01 8.250e+02 4.600e+01
 3.100e+01 1.000e+01 4.000e+00 1.020e+02 3.970e+02 2.100e+01 5.000e+00
 2.900e+01 1.150e+02 1.450e+02 1.100e+01 3.000e+01 5.800e+01]
Talk indices, descending by total interest: [116 130 128 122 136 194 191 139 118  24 163 200  46  96  55  20  14   2
  23 135 110  47 152  88 177  90  39  77  18  17 160  31  54 105  27 182
 205 140  92 113  72 167  53 186 127 166 204 178  22 145 199 134 102 185
  28  25 121 120  35  15  51 151  68  40 103  91 159  84 133 169  87 208
  57  48  44  26 101  62  86 119 108 187 161 150  67   8 100 129  63 170
 195 175 154 157  38 184 137 155  32 117  36 190  82  94 165  56  41 192
  93 188 107  52  83 196 144   9   3 207 203 174  33  13 138   6 141 132
  64  45 104 168 183 123  89 148 143 176 146 201 124  74 171  12 114  98
  50   4 173 179 125  61  73 112 189  85 193  76  10  66 156  30   7 126
 206  81 162  16  69 158  59 164  49 197 180 153 111  37  65  29  99  95
 149  60  21  78  75   5  11  58  79  70   0 172 181   1 202  43 115  71
 198  19 131 142  97  42 147  80  34 106 109]
numTalksInEachPrioLvl: 52
--------------
Talk indices, in priority-partition #1: [116, 130, 128, 122, 136, 194, 191, 139, 118, 24, 163, 200, 46, 96, 55, 20, 14, 2, 23, 135, 110, 47, 152, 88, 177, 90, 39, 77, 18, 17, 160, 31, 54, 105, 27, 182, 205, 140, 92, 113, 72, 167, 53, 186, 127, 166, 204, 178, 22, 145, 199, 134]
Shape of Talk-matrix, for priority-partition #1: (2722, 52)
--------------
Talk indices, in priority-partition #2: [102, 185, 28, 25, 121, 120, 35, 15, 51, 151, 68, 40, 103, 91, 159, 84, 133, 169, 87, 208, 57, 48, 44, 26, 101, 62, 86, 119, 108, 187, 161, 150, 67, 8, 100, 129, 63, 170, 195, 175, 154, 157, 38, 184, 137, 155, 32, 117, 36, 190, 82, 94]
Shape of Talk-matrix, for priority-partition #2: (2722, 52)
--------------
Talk indices, in priority-partition #3: [165, 56, 41, 192, 93, 188, 107, 52, 83, 196, 144, 9, 3, 207, 203, 174, 33, 13, 138, 6, 141, 132, 64, 45, 104, 168, 183, 123, 89, 148, 143, 176, 146, 201, 124, 74, 171, 12, 114, 98, 50, 4, 173, 179, 125, 61, 73, 112, 189, 85, 193, 76]
Shape of Talk-matrix, for priority-partition #3: (2722, 52)
--------------
Talk indices, in priority-partition #4: [10, 66, 156, 30, 7, 126, 206, 81, 162, 16, 69, 158, 59, 164, 49, 197, 180, 153, 111, 37, 65, 29, 99, 95, 149, 60, 21, 78, 75, 5, 11, 58, 79, 70, 0, 172, 181, 1, 202, 43, 115, 71, 198, 19, 131, 142, 97, 42, 147, 80, 34, 106, 109]
Shape of Talk-matrix, for priority-partition #4: (2722, 53)

------- Partitioning V ends -------

============================== icml
icml, numTalks = 209, numSlots = 240
============================== baseline_results
------- SWM Metrics:
NCG_Gini        : 0.184
NCG_max-NCG_min : 1.000
NCG_mean        : 0.786
NEC_Gini        : {P1 : 0.016, P2 : 0.043, P3 : 0.075, P4 : 0.123}
NEC_max-NEC_min : {P1 : 0.103, P2 : 0.257, P3 : 0.389, P4 : 0.667}
NEC_mean        : {P1 : 0.974, P2 : 0.832, P3 : 0.852, P4 : 0.790}
TEP             : 17496.5

------- PFair Metrics:
NCG_Gini        : 0.138
NCG_max-NCG_min : 1.000
NCG_mean        : 0.587
NEC_Gini        : {P1 : 0.133, P2 : 0.174, P3 : 0.179, P4 : 0.294}
NEC_max-NEC_min : {P1 : 0.597, P2 : 0.732, P3 : 0.783, P4 : 1.000}
NEC_mean        : {P1 : 0.754, P2 : 0.670, P3 : 0.690, P4 : 0.599}
TEP             : 13111.0

------- SFair Metrics:
NCG_Gini        : 0.182
NCG_max-NCG_min : 1.000
NCG_mean        : 0.590
NEC_Gini        : {P1 : 0.117, P2 : 0.121, P3 : 0.143, P4 : 0.139}
NEC_max-NEC_min : {P1 : 0.605, P2 : 0.691, P3 : 0.845, P4 : 0.900}
NEC_mean        : {P1 : 0.769, P2 : 0.752, P3 : 0.733, P4 : 0.767}
TEP             : 13268.5

------- IAM Metrics:
NCG_Gini        : 0.197
NCG_max-NCG_min : 1.000
NCG_mean        : 0.772
NEC_Gini        : {P1 : 0.020, P2 : 0.060, P3 : 0.127, P4 : 0.205}
NEC_max-NEC_min : {P1 : 0.120, P2 : 0.354, P3 : 0.571, P4 : 1.000}
NEC_mean        : {P1 : 0.966, P2 : 0.789, P3 : 0.729, P4 : 0.609}
TEP             : 17172.0

lamda_values [0.0, 0.001, 0.01, 0.02, 0.03, 0.04, 0.05, 0.06, 0.07, 0.08, 0.09, 0.1, 0.2, 0.3, 0.4, 0.5, 0.6, 0.7, 0.8, 0.9, 1.0]
=================================== icml lamda_1 (lamda = 1, lamda_2 = 0.5) === NCG_mean ===
(0.0,	0.713)
(0.001,	0.724)
(0.01,	0.741)
(0.02,	0.697)
(0.03,	0.741)
(0.04,	0.723)
(0.05,	0.762)
(0.06,	0.729)
(0.07,	0.744)
(0.08,	0.732)
(0.09,	0.695)
(0.1,	0.734)
(0.2,	0.697)
(0.3,	0.707)
(0.4,	0.694)
(0.5,	0.681)
(0.6,	0.680)
(0.7,	0.647)
(0.8,	0.682)
(0.9,	0.653)
(1.0,	0.645)
=================================== icml lamda_1 (lamda = 1, lamda_2 = 0.5) === NCG_max-NCG_min ===
(0.0,	1.000)
(0.001,	1.000)
(0.01,	1.000)
(0.02,	1.000)
(0.03,	1.000)
(0.04,	1.000)
(0.05,	1.000)
(0.06,	1.000)
(0.07,	1.000)
(0.08,	1.000)
(0.09,	1.000)
(0.1,	1.000)
(0.2,	1.000)
(0.3,	1.000)
(0.4,	1.000)
(0.5,	1.000)
(0.6,	0.875)
(0.7,	1.000)
(0.8,	1.000)
(0.9,	0.944)
(1.0,	0.917)
=================================== icml lamda_1 (lamda = 1, lamda_2 = 0.5) === NCG_Gini ===
(0.0,	0.158)
(0.001,	0.161)
(0.01,	0.160)
(0.02,	0.134)
(0.03,	0.161)
(0.04,	0.151)
(0.05,	0.173)
(0.06,	0.157)
(0.07,	0.161)
(0.08,	0.154)
(0.09,	0.143)
(0.1,	0.159)
(0.2,	0.153)
(0.3,	0.138)
(0.4,	0.141)
(0.5,	0.137)
(0.6,	0.133)
(0.7,	0.128)
(0.8,	0.137)
(0.9,	0.128)
(1.0,	0.121)
=================================== icml lamda_1 (lamda = 1, lamda_2 = 0.5) === NEC_mean_P1 ===
(0.0,	0.865)
(0.001,	0.874)
(0.01,	0.888)
(0.02,	0.893)
(0.03,	0.893)
(0.04,	0.873)
(0.05,	0.912)
(0.06,	0.882)
(0.07,	0.875)
(0.08,	0.880)
(0.09,	0.882)
(0.1,	0.874)
(0.2,	0.827)
(0.3,	0.821)
(0.4,	0.790)
(0.5,	0.809)
(0.6,	0.778)
(0.7,	0.803)
(0.8,	0.799)
(0.9,	0.761)
(1.0,	0.761)
=================================== icml lamda_1 (lamda = 1, lamda_2 = 0.5) === NEC_mean_P2 ===
(0.0,	0.836)
(0.001,	0.864)
(0.01,	0.859)
(0.02,	0.842)
(0.03,	0.838)
(0.04,	0.846)
(0.05,	0.828)
(0.06,	0.840)
(0.07,	0.851)
(0.08,	0.851)
(0.09,	0.840)
(0.1,	0.853)
(0.2,	0.831)
(0.3,	0.808)
(0.4,	0.776)
(0.5,	0.779)
(0.6,	0.800)
(0.7,	0.773)
(0.8,	0.798)
(0.9,	0.786)
(1.0,	0.781)
=================================== icml lamda_1 (lamda = 1, lamda_2 = 0.5) === NEC_mean_P3 ===
(0.0,	0.881)
(0.001,	0.850)
(0.01,	0.861)
(0.02,	0.852)
(0.03,	0.862)
(0.04,	0.859)
(0.05,	0.840)
(0.06,	0.859)
(0.07,	0.852)
(0.08,	0.857)
(0.09,	0.849)
(0.1,	0.852)
(0.2,	0.844)
(0.3,	0.799)
(0.4,	0.806)
(0.5,	0.823)
(0.6,	0.792)
(0.7,	0.741)
(0.8,	0.794)
(0.9,	0.796)
(1.0,	0.788)
=================================== icml lamda_1 (lamda = 1, lamda_2 = 0.5) === NEC_mean_P4 ===
(0.0,	0.872)
(0.001,	0.867)
(0.01,	0.854)
(0.02,	0.866)
(0.03,	0.856)
(0.04,	0.870)
(0.05,	0.869)
(0.06,	0.862)
(0.07,	0.861)
(0.08,	0.861)
(0.09,	0.852)
(0.1,	0.860)
(0.2,	0.869)
(0.3,	0.806)
(0.4,	0.810)
(0.5,	0.776)
(0.6,	0.822)
(0.7,	0.815)
(0.8,	0.843)
(0.9,	0.831)
(1.0,	0.818)
=================================== icml lamda_1 (lamda = 1, lamda_2 = 0.5) === NEC_max-NEC_min_P1 ===
(0.0,	0.373)
(0.001,	0.478)
(0.01,	0.339)
(0.02,	0.414)
(0.03,	0.369)
(0.04,	0.422)
(0.05,	0.360)
(0.06,	0.463)
(0.07,	0.430)
(0.08,	0.482)
(0.09,	0.450)
(0.1,	0.518)
(0.2,	0.544)
(0.3,	0.455)
(0.4,	0.493)
(0.5,	0.612)
(0.6,	0.539)
(0.7,	0.612)
(0.8,	0.496)
(0.9,	0.620)
(1.0,	0.636)
=================================== icml lamda_1 (lamda = 1, lamda_2 = 0.5) === NEC_max-NEC_min_P2 ===
(0.0,	0.559)
(0.001,	0.415)
(0.01,	0.341)
(0.02,	0.481)
(0.03,	0.514)
(0.04,	0.528)
(0.05,	0.415)
(0.06,	0.532)
(0.07,	0.425)
(0.08,	0.353)
(0.09,	0.444)
(0.1,	0.510)
(0.2,	0.479)
(0.3,	0.418)
(0.4,	0.465)
(0.5,	0.493)
(0.6,	0.461)
(0.7,	0.420)
(0.8,	0.543)
(0.9,	0.464)
(1.0,	0.720)
=================================== icml lamda_1 (lamda = 1, lamda_2 = 0.5) === NEC_max-NEC_min_P3 ===
(0.0,	0.292)
(0.001,	0.517)
(0.01,	0.370)
(0.02,	0.367)
(0.03,	0.314)
(0.04,	0.286)
(0.05,	0.518)
(0.06,	0.367)
(0.07,	0.289)
(0.08,	0.348)
(0.09,	0.406)
(0.1,	0.324)
(0.2,	0.500)
(0.3,	0.518)
(0.4,	0.433)
(0.5,	0.433)
(0.6,	0.571)
(0.7,	0.500)
(0.8,	0.717)
(0.9,	0.458)
(1.0,	0.413)
=================================== icml lamda_1 (lamda = 1, lamda_2 = 0.5) === NEC_max-NEC_min_P4 ===
(0.0,	0.455)
(0.001,	0.444)
(0.01,	0.500)
(0.02,	0.417)
(0.03,	0.500)
(0.04,	0.250)
(0.05,	0.400)
(0.06,	0.250)
(0.07,	0.500)
(0.08,	0.400)
(0.09,	0.700)
(0.1,	0.455)
(0.2,	0.389)
(0.3,	1.000)
(0.4,	0.529)
(0.5,	1.000)
(0.6,	0.529)
(0.7,	0.500)
(0.8,	0.375)
(0.9,	0.375)
(1.0,	0.429)
=================================== icml lamda_1 (lamda = 1, lamda_2 = 0.5) === NEC_Gini_P1 ===
(0.0,	0.075)
(0.001,	0.078)
(0.01,	0.069)
(0.02,	0.071)
(0.03,	0.070)
(0.04,	0.082)
(0.05,	0.059)
(0.06,	0.079)
(0.07,	0.085)
(0.08,	0.083)
(0.09,	0.081)
(0.1,	0.085)
(0.2,	0.109)
(0.3,	0.101)
(0.4,	0.107)
(0.5,	0.115)
(0.6,	0.110)
(0.7,	0.118)
(0.8,	0.104)
(0.9,	0.121)
(1.0,	0.107)
=================================== icml lamda_1 (lamda = 1, lamda_2 = 0.5) === NEC_Gini_P2 ===
(0.0,	0.078)
(0.001,	0.071)
(0.01,	0.065)
(0.02,	0.084)
(0.03,	0.085)
(0.04,	0.084)
(0.05,	0.072)
(0.06,	0.078)
(0.07,	0.069)
(0.08,	0.064)
(0.09,	0.071)
(0.1,	0.069)
(0.2,	0.089)
(0.3,	0.083)
(0.4,	0.100)
(0.5,	0.084)
(0.6,	0.088)
(0.7,	0.090)
(0.8,	0.088)
(0.9,	0.089)
(1.0,	0.096)
=================================== icml lamda_1 (lamda = 1, lamda_2 = 0.5) === NEC_Gini_P3 ===
(0.0,	0.051)
(0.001,	0.058)
(0.01,	0.045)
(0.02,	0.044)
(0.03,	0.043)
(0.04,	0.040)
(0.05,	0.056)
(0.06,	0.048)
(0.07,	0.042)
(0.08,	0.041)
(0.09,	0.047)
(0.1,	0.044)
(0.2,	0.056)
(0.3,	0.081)
(0.4,	0.088)
(0.5,	0.072)
(0.6,	0.089)
(0.7,	0.089)
(0.8,	0.098)
(0.9,	0.082)
(1.0,	0.070)
=================================== icml lamda_1 (lamda = 1, lamda_2 = 0.5) === NEC_Gini_P4 ===
(0.0,	0.064)
(0.001,	0.052)
(0.01,	0.063)
(0.02,	0.055)
(0.03,	0.052)
(0.04,	0.045)
(0.05,	0.053)
(0.06,	0.046)
(0.07,	0.052)
(0.08,	0.049)
(0.09,	0.058)
(0.1,	0.051)
(0.2,	0.059)
(0.3,	0.090)
(0.4,	0.084)
(0.5,	0.118)
(0.6,	0.082)
(0.7,	0.098)
(0.8,	0.078)
(0.9,	0.072)
(1.0,	0.089)
=================================== icml lamda_1 (lamda = 1, lamda_2 = 0.5) === TEP ===
(0.0,	15868.5)
(0.001,	16091.0)
(0.01,	16459.0)
(0.02,	15578.0)
(0.03,	16463.5)
(0.04,	16065.0)
(0.05,	16929.5)
(0.06,	16221.5)
(0.07,	16531.5)
(0.08,	16277.0)
(0.09,	15608.0)
(0.1,	16352.5)
(0.2,	15514.0)
(0.3,	15700.5)
(0.4,	15395.5)
(0.5,	15130.5)
(0.6,	15102.5)
(0.7,	14468.0)
(0.8,	15156.0)
(0.9,	14499.5)
(1.0,	14343.0)
